3
4
5
7
8
9
13
15
16
20
23
25
27
29
33
35
36
40
41
44
45
46
47
48
50
51
52
53
54
55
56
57
58
59
60
63
66
68
69
70
71
72
75
76
78
79
80
81
83
85
86
89
90
94
95
96
97
101
102
105
106
108
109
110
113
114
115
118
122
123
124
127
128
129
130
133
137
138
139
142
143
144
145
147
148
150
151
152
154
155
156
158
163
166
167
169
171
172
174
175
177
178
179
180
181
182
183
185
186
188
190
191
192
193
194
199
200
201
203
204
205
209
210
211
212
213
214
217
218
219
220
221
222
223
228
229
231
234
235
236
237
239
241
244
245
247
248
250
253
256
257
258
259
260
261
263
267
270
271
272
273
275
276
278
279
281
283
284
285
286
287
288
289
290
292
293
295
296
297
298
303
305
308
309
310
312
313
314
315
316
317
319
321
322
323
324
325
326
329
335
336
337
338
339
342
343
344
345
346
347
348
349
351
352
354
355
357
358
359
361
365
367
368
370
371
377
378
379
384
385
390
392
393
394
396
397
402
405
408
409
410
411
412
414
417
419
420
421
423
424
428
429
430
431
435
437
439
440
441
442
443
444
446
448
451
452
453
456
457
458
459
463
464
465
466
470
471
473
475
476
477
478
479
483
484
485
487
489
490
492
494
497
499
